20110129|10|346
20110129|12|348
20110129|26|223
20110129|8|218
20110129|17|345
20110129|1|342
20110129|13|232
20110129|3|218
20110301|5|218
20110301|9|350
20110331|7|342
20110331|4|218
20110331|1|218
20110331|3|218
20110331|10|218
20110331|1|218
20110501|2|218
20110501|3|348
20110501|8|349
20110501|10|218
20110501|1|218
20110501|18|232
20110501|4|223
20110501|10|350
20110501|28|315
20110501|12|218
20110531|10|223
20110531|20|220
20110531|9|218
20110531|6|218
20110531|4|218
20110531|18|346
20110531|18|232
20110701|8|342
20110801|11|218
20110801|6|223
20110801|6|218
20110829|2|218
20110929|4|218
20110929|5|218
20110929|24|342
20111029|1|322
20111029|1|218
20111029|22|223
20111029|3|232
20111029|3|232
20111029|10|223
20111029|11|215
20111029|13|348
20111129|6|218
20111129|15|315
20111129|6|342
20111229|31|469
20111229|32|470
20111229|23|389
20111229|26|323
20111229|29|333
20111229|33|325
20111229|43|329
20111229|16|447
20111229|30|453
20111229|40|224
20111229|44|448
20111229|1|469
20111229|10|470
20111229|22|360
20111229|37|469
20111229|38|470
20111229|9|464
20111229|11|447
20111229|2|323
20111229|8|460
20111229|9|224
20111229|18|453
20111229|20|433
20111229|24|343
20111229|31|329
20111229|37|373
20111229|41|233
20111229|43|333
20111229|60|389
20111229|15|456
20111229|6|469
20111229|9|470
20111229|2|470
20111229|19|460
20111229|30|470
20111229|38|458
20111229|43|236
20111229|30|469
20111229|31|470
20111229|29|469
20111229|3|470
20111229|16|470
20111229|25|364
20111229|26|469
20111229|35|365
20111229|11|458
20111229|13|325
20111229|19|381
20111229|30|368
20111229|32|263
20111229|41|329
20111229|14|420
20111229|17|470
20111229|19|470
20111229|20|352
20111229|40|428
20111229|3|453
20111229|16|470
20111229|50|448
20111229|10|470
20111229|15|448
20111229|37|456
20111229|6|224
20111229|9|421
20111229|17|420
20111229|26|233
20111229|30|395
20111229|56|458
20111229|16|333
20111229|25|343
20111229|32|323
20111229|37|233
20111229|39|343
20111229|41|458
20111229|16|224
20111229|7|343
20111229|18|458
20111229|22|329
20111229|45|453
20111229|47|224
20111229|42|233
20111229|46|333
20111229|7|323
20111229|16|230
20111229|35|329
20111229|42|456
20111229|43|233
20111229|1|236
20111229|2|230
20111229|9|224
20111229|23|381
20111229|31|458
20111229|34|456
20111229|15|470
20111229|25|469
20111229|14|456
20120129|6|470
20120129|44|233
20120129|20|470
20120129|27|356
20120129|5|470
20120129|12|469
20120129|14|460
20120129|27|236
20120129|29|221
20120129|33|230
20120129|42|224
20120129|17|420
20120129|20|469
20120129|23|213
20120129|31|224
20120129|40|395
20120129|47|470
20120129|52|456
20120129|19|469
20120129|1|456
20120129|48|448
20120129|4|470
20120129|15|459
20120129|25|224
20120129|40|458
20120129|53|470
20120129|10|456
20120129|23|368
20120129|33|224
20120129|40|323
20120129|42|233
20120129|57|459
20120129|10|456
20120129|29|470
20120129|31|410
20120129|36|230
20120129|38|458
20120129|39|233
20120129|55|460
20120129|2|224
20120129|18|456
20120129|35|470
20120129|40|453
20120129|52|458
20120129|23|469
20120129|6|329
20120129|9|323
20120129|17|343
20120129|4|458
20120129|7|456
20120129|19|233
20120129|44|224
20120129|18|469
20120129|28|470
20120129|16|236
20120129|18|221
20120129|30|233
20120129|4|458
20120129|5|460
20120129|25|233
20120129|27|224
20120129|37|447
20120129|28|469
20120129|14|470
20120129|28|233
20120129|42|233
20120129|14|221
20120129|27|233
20120129|48|456
20120129|20|470
20120129|8|470
20120129|20|458
20120129|30|224
20120129|33|230
20120129|28|470
20120129|32|456
20120129|34|469
20120129|4|233
20120129|15|460
20120129|34|456
20120129|2|470
20120129|13|469
20120129|18|470
20120129|14|233
20120229|16|469
20120229|20|470
20120229|6|469
20120229|13|458
20120229|18|323
20120229|30|213
20120229|39|456
20120229|40|375
20120229|42|460
20120229|53|216
20120229|60|464
20120229|66|448
20120229|68|453
20120229|4|470
20120229|19|421
20120229|23|447
20120229|31|458
20120229|33|221
20120229|48|233
20120229|6|470
20120229|4|358
20120229|37|233
20120229|38|421
20120229|39|456
20120229|45|395
20120229|52|420
20120229|55|224
20120229|18|233
20120229|26|224
20120229|45|213
20120229|11|233
20120229|25|230
20120229|26|369
20120229|33|329
20120229|35|333
20120229|36|325
20120229|42|458
20120229|50|327
20120229|56|368
20120229|57|216
20120229|6|323
20120229|5|470
20120229|36|469
20120229|7|233
20120229|29|470
20120229|2|325
20120229|11|373
20120229|14|323
20120229|27|389
20120229|29|343
20120229|38|335
20120229|64|263
20120229|7|460
20120229|18|470
20120229|13|236
20120229|15|460
20120229|18|470
20120229|28|458
20120229|29|233
20120229|32|459
20120229|33|453
20120229|35|456
20120229|36|224
20120229|44|230
20120229|46|221
20120229|49|393
20120229|51|464
20120229|54|447
20120229|56|216
20120229|3|216
20120229|47|230
20120229|23|470
20120229|9|469
20120229|6|224
20120229|8|325
20120229|13|233
20120229|19|329
20120229|22|460
20120229|40|373
20120229|42|213
20120229|44|286
20120229|53|447
20120229|8|224
20120229|34|213
20120229|46|456
20120229|50|323
20120229|21|470
20120229|12|469
20120229|21|456
20120229|30|470
20120229|36|460
20120229|52|224
20120229|3|236
20120229|22|456
20120229|1|358
20120229|3|362
20120229|8|360
20120229|7|327
20120229|8|325
20120229|12|233
20120229|1|421
20120229|5|352
20120229|9|470
20120229|16|420
20120229|22|395
20120229|24|354
20120229|27|469
20120229|3|469
20120229|36|233
20120229|37|224
20120229|19|470
20120229|32|469
20120229|10|469
20120330|35|233
20120330|1|327
20120330|32|343
20120330|6|470
20120330|12|470
20120330|17|362
20120330|30|458
20120330|5|470
20120330|20|469
20120330|47|216
20120330|24|470
20120330|7|469
20120330|34|469
20120330|35|470
20120330|28|470
20120330|1|333
20120330|15|323
20120330|12|395
20120330|22|399
20120330|25|470
20120330|5|470
20120330|7|456
20120330|26|325
20120330|27|458
20120330|2|395
20120330|14|221
20120330|29|233
20120330|43|428
20120330|14|343
20120330|25|373
20120330|29|323
20120330|11|456
20120330|24|216
20120330|28|233
20120330|24|456
20120330|27|323
20120330|44|460
20120330|25|458
20120330|38|456
20120330|40|213
20120330|46|343
20120330|22|458
20120330|16|469
20120330|28|470
20120430|5|470
20120430|8|469
20120430|1|343
20120430|25|456
20120430|31|352
20120430|15|470
20120430|7|470
20120430|5|470
20120430|28|216
20120430|17|213
20120430|36|458
20120430|39|221
20120430|3|327
20120430|25|456
20120430|25|469
20120430|11|458
20120430|24|456
20120430|35|327
20120430|43|343
20120430|11|224
20120430|16|458
20120430|30|329
20120430|4|470
20120430|28|470
20120430|13|470
20120430|34|469
20120430|14|469
20120430|29|470
20120430|17|458
20120430|36|221
20120430|10|469
20120430|38|470
20120530|18|470
20120530|21|469
20120530|14|233
20120530|17|327
20120530|25|445
20120530|29|456
20120530|31|230
20120530|35|453
20120530|39|221
20120530|42|323
20120530|47|343
20120530|49|460
20120530|56|224
20120530|22|233
20120530|4|470
20120530|6|356
20120530|17|354
20120530|9|213
20120530|44|216
20120530|49|236
20120530|10|323
20120530|20|343
20120530|34|327
20120530|10|470
20120530|30|470
20120530|3|470
20120530|17|469
20120530|16|470
20120530|6|221
20120530|29|323
20120530|42|456
20120530|48|373
20120530|53|224
20120530|7|470
20120530|1|458
20120530|19|221
20120530|23|453
20120530|24|224
20120530|28|216
20120530|37|470
20120530|18|470
20120530|25|469
20120530|19|327
20120530|20|323
20120530|29|233
20120530|32|224
20120530|41|233
20120530|11|233
20120530|12|327
20120530|31|224
20120530|2|216
20120630|19|469
20120630|4|469
20120630|2|395
20120630|18|354
20120630|17|343
20120630|14|469
20120630|5|470
20120630|3|470
20120630|21|470
20120630|10|327
20120731|24|470
20120731|2|470
20120731|1|367
20120731|10|364
20120731|14|365
20120731|10|327
20120731|15|323
20120731|30|323
20120731|12|470
20120731|10|470
20120731|1|470
20120731|8|469
20120731|11|469
20120731|15|470
20120731|11|470
20120731|13|469
20120731|18|360
20120828|13|224
20120828|3|327
20120828|13|456
20120828|24|233
20120828|2|470
20120828|16|458
20120828|31|216
20120828|11|470
20120828|2|233
20120828|4|329
20120828|16|470
20120828|9|470
20120928|18|469
20120928|18|469
20120928|24|470
20120928|42|453
20120928|43|233
20120928|1|327
20120928|56|445
20120928|10|213
20120928|14|216
20120928|29|233
20120928|8|470
20120928|20|469
20120928|25|470
20120928|17|325
20120928|28|323
20120928|33|327
20120928|2|470
20120928|15|428
20120928|26|470
20120928|2|470
20120928|18|365
20120928|21|469
20120928|3|458
20120928|29|221
20120928|19|221
20120928|38|458
20120928|39|456
20120928|8|343
20120928|20|327
20120928|11|325
20120928|9|470
20120928|33|333
20120928|35|221
20120928|48|343
20120928|16|460
20120928|17|224
20120928|38|216
20120928|1|339
20120928|29|343
20120928|8|213
20120928|45|327
20120928|24|216
20120928|50|329
20120928|40|323
20121028|7|221
20121028|8|343
20121028|14|333
20121028|2|470
20121028|5|395
20121028|22|233
20121028|27|456
20121028|5|470
20121028|24|236
20121028|27|216
20121028|5|230
20121028|24|323
20121028|30|325
20121028|52|213
20121028|13|221
20121028|51|460
20121028|4|343
20121028|23|470
20121028|3|216
20121028|40|224
20121028|11|224
20121028|23|469
20121028|25|470
20121028|21|221
20121028|31|224
20121028|18|233
20121028|10|469
20121028|10|469
20121028|18|470
20121028|7|470
20121028|11|470
20121028|9|470
20121028|4|224
20121028|27|216
20121028|2|356
20121028|6|469
20121028|36|470
20121028|2|327
20121028|28|470
20121028|32|469
20121028|12|470
20121128|10|470
20121128|8|333
20121128|11|221
20121128|12|458
20121128|14|224
20121128|17|327
20121128|22|216
20121128|23|329
20121128|28|456
20121128|29|464
20121128|30|447
20121128|44|323
20121128|48|462
20121128|52|230
20121128|54|460
20121128|22|458
20121128|39|470
20121128|47|469
20121128|16|343
20121128|39|470
20121128|6|273
20121128|20|389
20121128|21|458
20121128|31|327
20121128|49|224
20121128|3|469
20121128|13|213
20121128|15|456
20121128|19|460
20121128|23|464
20121128|28|470
20121128|31|221
20121128|34|233
20121128|35|420
20121128|40|421
20121128|15|213
20121128|34|458
20121128|13|470
20121128|35|325
20121128|3|224
20121128|29|460
20121128|3|323
20121128|13|325
20121128|4|399
20121128|15|470
20121128|18|395
20121128|9|213
20121128|20|221
20121128|10|469
20121128|23|470
20121128|22|333
20121128|26|469
20121228|20|234
20121228|40|474
20121228|42|476
20121228|5|483
20121228|38|491
20121228|39|487
20121228|53|472
20121228|56|231
20121228|57|476
20121228|58|471
20121228|65|225
20121228|3|477
20121228|11|234
20121228|19|491
20121228|21|465
20121228|26|606
20121228|29|488
20121228|30|484
20121228|43|471
20121228|8|605
20121228|18|434
20121228|17|471
20121228|24|482
20121228|42|491
20121228|33|474
20121228|9|482
20121228|33|476
20121228|40|491
20121228|12|465
20121228|16|225
20121228|20|483
20121228|27|477
20121228|37|471
20121228|46|491
20121228|11|474
20121228|30|476
20121228|17|482
20121228|10|481
20121228|14|482
20121228|17|487
20121228|23|472
20121228|34|483
20121228|45|463
20121228|52|476
20121228|67|490
20121228|24|234
20121228|16|482
20121228|8|225
20121228|20|237
20121228|22|477
20121228|34|487
20121228|35|490
20121228|37|234
20121228|40|491
20121228|41|231
20121228|51|376
20121228|5|524
20121228|12|476
20121228|16|309
20121228|39|353
20121228|16|573
20121228|32|560
20121228|9|476
20121228|29|474
20121228|1|490
20121228|2|488
20121228|12|576
20121228|23|499
20121228|27|225
20121228|28|493
20121228|35|483
20121228|43|491
20121228|46|471
20121228|54|573
20121228|59|484
20121228|6|606
20121228|13|581
20121228|19|580
20121228|10|472
20121228|12|234
20121228|15|477
20121228|17|463
20121228|18|491
20121228|20|483
20121228|25|231
20121228|27|583
20121228|28|471
20121228|30|488
20121228|38|465
20121228|39|225
20121228|49|484
20121228|1|488
20121228|2|234
20121228|9|225
20121228|25|491
20121228|31|472
20121228|36|465
20121228|44|583
20121228|47|484
20121228|48|483
20121228|49|490
20121228|5|484
20121228|16|463
20121228|19|477
20121228|35|490
20121228|37|234
20121228|38|472
20121228|41|491
20121228|48|483
20121228|7|583
20121228|10|483
20121228|19|471
20121228|26|491
20121228|34|484
20121228|38|490
20121228|41|225
20121228|46|231
20121228|2|287
20121228|13|583
20121228|14|606
20121228|31|580
20121228|3|483
20121228|12|484
20121228|16|472
20121228|25|463
20121228|26|491
20121228|28|488
20121228|33|477
20121228|34|231
20121228|45|471
20121228|5|474
20121228|11|472
20121228|13|225
20121228|14|490
20121228|16|463
20121228|27|471
20121228|29|483
20121228|30|484
20121228|46|487
20121228|2|477
20121228|12|524
20121228|26|471
20121228|30|234
20121228|32|225
20121228|36|472
20121228|42|474
20121228|49|491
20121228|55|516
20121228|59|544
20121228|62|558
20121228|63|490
20121228|66|465
20121228|5|465
20121228|10|225
20121228|11|483
20121228|16|472
20121228|17|488
20121228|22|234
20121228|31|491
20121228|33|471
20121228|34|484
20121228|6|487
20121228|22|477
20121228|24|471
20121228|29|225
20121228|35|231
20121228|40|573
20121228|41|491
20121228|42|234
20130128|4|234
20130128|7|465
20130128|13|214
20130128|18|487
20130128|19|231
20130128|27|605
20130128|29|217
20130128|38|583
20130128|19|474
20130128|48|544
20130128|50|476
20130128|8|471
20130128|33|491
20130128|5|474
20130128|7|474
20130128|1|487
20130128|3|359
20130128|11|488
20130128|13|484
20130128|18|491
20130128|25|558
20130128|27|234
20130128|28|222
20130128|30|477
20130128|31|225
20130128|36|217
20130128|51|400
20130128|58|398
20130128|62|511
20130128|4|579
20130128|5|482
20130128|18|477
20130128|21|471
20130128|26|472
20130128|29|490
20130128|37|484
20130128|45|225
20130128|50|234
20130128|52|583
20130128|54|222
20130128|14|577
20130128|30|496
20130128|33|579
20130128|1|474
20130128|11|231
20130128|19|552
20130128|23|487
20130128|28|217
20130128|30|483
20130128|34|471
20130128|50|472
20130128|51|359
20130128|59|225
20130128|5|482
20130128|22|481
20130128|14|472
20130128|16|465
20130128|21|234
20130128|28|555
20130128|35|490
20130128|40|491
20130128|44|484
20130128|46|471
20130128|64|487
20130128|13|471
20130128|19|491
20130128|31|225
20130128|47|465
20130128|49|490
20130128|50|483
20130128|63|477
20130128|31|476
20130128|17|482
20130128|1|225
20130128|13|491
20130128|24|234
20130128|25|488
20130128|26|471
20130128|27|477
20130128|28|484
20130128|44|490
20130128|48|487
20130128|53|472
20130128|25|583
20130128|1|471
20130128|28|225
20130128|30|491
20130128|3|580
20130128|7|482
20130128|37|491
20130128|18|490
20130128|19|484
20130128|22|222
20130128|38|488
20130128|51|465
20130128|54|491
20130128|55|471
20130128|58|483
20130128|61|234
20130128|14|481
20130128|19|491
20130128|9|482
20130128|3|482
20130128|19|357
20130128|25|588
20130128|37|476
20130128|41|474
20130128|3|483
20130128|10|234
20130128|11|471
20130128|15|472
20130128|17|231
20130128|24|488
20130128|27|237
20130128|31|465
20130128|36|496
20130128|5|474
20130128|18|491
20130128|9|474
20130128|21|234
20130128|14|476
20130128|33|474
20130128|3|484
20130128|5|490
20130128|7|477
20130128|9|483
20130128|11|217
20130128|13|487
20130128|16|234
20130128|18|491
20130128|32|471
20130128|35|225
20130128|11|573
20130128|14|496
20130128|4|474
20130128|21|524
20130128|23|471
20130128|36|355
20130128|49|590
20130128|54|361
20130128|62|476
20130128|10|576
20130128|28|492
20130128|33|506
20130128|9|359
20130128|39|476
20130128|4|576
20130128|21|579
20130128|20|225
20130128|35|491
20130128|36|471
20130128|39|482
20130128|1|482
20130128|3|390
20130128|5|491
20130128|32|471
20130128|2|474
20130128|4|225
20130128|14|476
20130128|43|491
20130128|6|474
20130128|14|476
20130128|5|222
20130128|9|483
20130128|14|234
20130128|19|576
20130128|20|225
20130128|21|477
20130128|22|472
20130128|30|480
20130128|32|463
20130128|35|471
20130128|40|490
20130128|9|491
20130128|15|490
20130128|20|487
20130128|23|477
20130128|35|225
20130128|37|472
20130128|45|217
20130128|49|231
20130128|2|225
20130128|1|482
20130128|12|474
20130128|51|491
20130128|8|237
20130128|19|463
20130128|22|490
20130128|23|576
20130128|25|222
20130128|33|477
20130128|37|483
20130128|41|231
20130128|1|476
20130128|12|474
20130128|4|482
20130128|22|471
20130128|3|552
20130128|30|559
20130128|38|555
20130128|8|579
20130128|19|576
20130128|26|471
20130128|1|474
20130128|12|476
20130228|20|476
20130228|37|471
20130228|17|476
20130228|4|482
20130228|37|359
20130228|2|225
20130228|4|484
20130228|6|560
20130228|7|472
20130228|8|222
20130228|11|496
20130228|20|579
20130228|25|492
20130228|31|471
20130228|33|491
20130228|37|488
20130228|47|234
20130228|49|490
20130228|11|488
20130228|13|231
20130228|27|490
20130228|30|225
20130228|35|483
20130228|36|487
20130228|37|471
20130228|39|491
20130228|53|583
20130228|3|474
20130228|25|481
20130228|26|482
20130228|2|214
20130228|7|484
20130228|12|483
20130228|14|477
20130228|15|217
20130228|22|476
20130228|23|225
20130228|27|398
20130228|45|231
20130228|47|463
20130228|48|491
20130228|51|234
20130228|60|465
20130228|8|390
20130228|14|499
20130228|11|463
20130228|16|382
20130228|23|287
20130228|31|483
20130228|37|471
20130228|38|490
20130228|41|214
20130228|46|484
20130228|47|384
20130228|48|491
20130228|51|472
20130228|2|490
20130228|31|214
20130228|38|483
20130228|44|471
20130228|16|474
20130228|15|476
20130228|28|471
20130228|31|474
20130228|7|477
20130228|8|483
20130228|15|490
20130228|17|463
20130228|27|225
20130228|30|471
20130228|31|237
20130228|37|231
20130228|39|234
20130228|40|214
20130228|44|487
20130228|1|474
20130228|6|234
20130228|8|231
20130228|16|465
20130228|17|483
20130228|20|471
20130228|30|472
20130228|32|491
20130228|47|225
20130228|7|580
20130228|9|287
20130228|33|581
20130228|4|474
20130228|10|491
20130228|40|476
20130228|33|583
20130228|5|474
20130228|16|474
20130228|7|488
20130228|12|214
20130228|14|491
20130228|16|465
20130228|29|234
20130228|30|471
20130228|37|225
20130228|42|217
20130228|3|361
20130228|6|400
20130228|8|474
20130228|18|532
20130228|23|234
20130228|31|225
20130228|32|398
20130228|34|551
20130228|35|477
20130228|36|491
20130228|40|524
20130228|3|488
20130228|6|234
20130228|9|487
20130228|12|222
20130228|14|465
20130228|15|477
20130228|19|491
20130228|21|225
20130228|40|217
20130228|15|482
20130228|3|476
20130228|47|474
20130228|57|471
20130228|7|476
20130228|2|465
20130228|4|463
20130228|6|222
20130228|9|490
20130228|12|472
20130228|16|214
20130228|18|606
20130228|19|491
20130228|20|483
20130228|25|471
20130228|26|234
20130228|30|484
20130228|31|467
20130228|39|583
20130228|3|482
20130228|27|481
20130228|34|500
20130228|6|463
20130228|19|477
20130228|31|471
20130228|38|231
20130228|46|234
20130228|47|222
20130228|51|217
20130228|24|234
20130228|1|474
20130228|2|476
20130228|29|471
20130228|46|465
20130228|27|482
20130228|12|234
20130228|3|225
20130228|9|482
20130228|1|471
20130228|12|484
20130228|26|234
20130228|30|477
20130228|37|491
20130228|38|488
20130228|42|465
20130228|48|483
20130228|50|487
20130228|8|476
20130228|12|559
20130228|14|474
20130228|39|353
20130228|41|359
20130228|48|524
20130228|32|476
20130228|9|482
20130228|19|476
20130228|32|474
20130228|1|482
20130228|8|482
20130228|9|579
20130228|21|573
20130228|3|234
20130228|27|474
20130228|39|476
20130228|4|482
20130228|6|476
20130228|22|476
20130228|33|471
20130228|41|474
20130228|48|483
20130228|46|483
20130228|14|471
20130228|26|491
20130228|5|580
20130228|8|231
20130228|9|234
20130228|10|477
20130228|15|484
20130228|23|222
20130228|25|214
20130228|26|225
20130228|28|583
20130228|31|491
20130228|35|490
20130228|37|488
20130228|38|483
20130228|41|487
20130228|44|465
20130228|7|511
20130228|30|476
20130228|50|474
20130330|44|471
20130330|32|476
20130330|9|474
20130330|25|476
20130330|3|217
20130330|6|487
20130330|9|490
20130330|10|465
20130330|34|483
20130330|37|484
20130330|6|580
20130330|8|390
20130330|20|605
20130330|29|471
20130330|1|483
20130330|6|234
20130330|8|490
20130330|13|491
20130330|14|484
20130330|18|214
20130330|33|477
20130330|53|471
20130330|20|476
20130330|24|474
20130330|22|471
20130330|35|476
20130330|8|476
20130330|38|474
20130330|5|471
20130330|17|564
20130330|18|234
20130330|19|217
20130330|23|477
20130330|27|222
20130330|34|225
20130330|40|472
20130330|17|482
20130330|8|474
20130330|12|476
20130330|25|474
20130330|34|214
20130330|6|482
20130330|1|487
20130330|10|483
20130330|12|471
20130330|16|225
20130330|19|472
20130330|23|491
20130330|34|484
20130330|53|465
20130330|3|491
20130330|11|483
20130330|23|583
20130330|25|214
20130330|3|511
20130330|15|476
20130330|4|579
20130330|15|500
20130330|2|474
20130330|7|476
20130330|12|214
20130330|16|573
20130330|36|564
20130330|39|561
20130330|41|217
20130330|47|471
20130330|48|576
20130330|17|552
20130330|6|476
20130330|14|564
20130330|4|490
20130330|23|488
20130330|25|483
20130330|33|217
20130330|37|465
20130330|41|471
20130330|11|482
20130330|11|474
20130330|17|516
20130330|19|471
20130330|42|472
20130330|45|476
20130330|63|222
20130330|66|491
20130330|20|471
20130330|32|225
20130330|36|490
20130330|46|491
20130330|20|580
20130330|29|484
20130330|32|487
20130330|33|234
20130330|34|471
20130330|5|471
20130330|7|472
20130330|21|477
20130330|22|491
20130330|30|490
20130330|3|482
20130330|3|472
20130330|5|471
20130330|11|217
20130330|20|225
20130330|28|484
20130330|34|491
20130330|8|234
20130330|10|487
20130330|11|225
20130330|15|465
20130330|19|214
20130330|28|483
20130330|32|491
20130330|6|477
20130330|15|491
20130330|16|487
20130330|17|465
20130330|20|234
20130330|21|217
20130330|23|490
20130330|30|484
20130330|14|471
20130330|18|472
20130330|19|490
20130330|24|222
20130330|40|217
20130430|13|484
20130430|14|568
20130430|17|564
20130430|26|465
20130430|42|490
20130430|1|583
20130430|7|472
20130430|10|484
20130430|29|234
20130430|30|471
20130430|31|487
20130430|4|482
20130430|1|476
20130430|8|482
20130430|7|472
20130430|11|491
20130430|20|474
20130430|22|471
20130430|36|222
20130430|52|484
20130430|54|217
20130430|62|476
20130430|64|214
20130430|6|471
20130430|20|487
20130430|22|222
20130430|35|484
20130430|36|477
20130430|39|583
20130430|40|483
20130430|21|572
20130430|26|573
20130430|6|474
20130430|8|225
20130430|30|471
20130430|35|487
20130430|40|483
20130430|46|222
20130430|11|487
20130430|36|471
20130430|38|472
20130430|48|477
20130430|55|217
20130430|2|477
20130430|7|484
20130430|13|471
20130430|14|225
20130430|57|487
20130430|58|214
20130430|27|474
20130430|18|491
20130430|26|225
20130430|30|234
20130430|16|471
20130430|11|476
20130430|1|487
20130430|3|234
20130430|12|217
20130430|26|471
20130430|7|482
20130430|4|588
20130430|9|476
20130430|11|353
20130430|12|474
20130430|24|359
20130430|11|481
20130430|35|482
20130430|3|225
20130430|21|477
20130430|23|231
20130430|24|483
20130430|27|234
20130430|34|471
20130430|10|472
20130430|11|490
20130430|13|234
20130430|15|491
20130430|18|471
20130430|22|483
20130430|1|234
20130430|13|222
20130430|20|214
20130430|21|477
20130430|28|465
20130430|35|482
20130430|4|474
20130430|16|476
20130430|10|496
20130430|27|573
20130430|28|560
20130430|33|476
20130430|16|472
20130430|20|491
20130430|21|234
20130430|30|471
20130430|3|474
20130430|2|482
20130430|7|579
20130430|10|586
20130430|5|476
20130430|19|474
20130530|10|476
20130530|31|471
20130530|23|490
20130530|29|491
20130530|34|477
20130530|41|222
20130530|1|583
20130530|11|483
20130530|19|234
20130530|31|580
20130530|37|491
20130530|31|516
20130530|35|471
20130530|41|225
20130530|43|483
20130530|57|476
20130530|14|564
20130530|9|472
20130530|28|583
20130530|30|222
20130530|33|217
20130530|38|580
20130530|41|465
20130530|19|471
20130530|6|477
20130530|10|484
20130530|18|214
20130530|34|583
20130530|43|491
20130530|1|465
20130530|26|472
20130530|40|487
20130530|49|225
20130530|51|471
20130530|7|222
20130530|12|225
20130530|30|576
20130530|31|471
20130530|32|217
20130530|36|483
20130530|41|214
20130530|5|580
20130530|13|583
20130530|18|476
20130530|38|474
20130530|22|579
20130530|7|580
20130530|20|605
20130530|2|476
20130530|11|474
20130530|1|474
20130530|2|483
20130530|8|472
20130530|14|222
20130530|16|471
20130530|18|491
20130530|20|465
20130530|37|225
20130530|40|490
20130530|17|474
20130530|29|474
20130530|3|482
20130530|5|490
20130530|8|484
20130530|25|471
20130530|26|231
20130530|36|217
20130530|20|474
20130530|24|476
20130530|8|465
20130530|10|488
20130530|16|471
20130530|34|487
20130530|36|606
20130530|19|482
20130530|3|474
20130530|3|225
20130530|25|471
20130530|27|214
20130530|49|555
20130530|54|477
20130530|32|476
20130530|45|471
20130530|3|484
20130530|9|491
20130530|15|471
20130530|16|222
20130530|22|490
20130530|39|471
20130530|1|474
20130530|31|471
20130530|30|474
20130530|1|482
20130530|7|576
20130530|2|482
20130530|6|511
20130530|37|559
20130530|4|482
20130530|7|477
20130530|18|471
20130530|33|491
20130530|34|465
20130530|41|471
20130630|5|474
20130630|31|476
20130630|3|586
20130630|9|491
20130630|12|225
20130630|20|482
20130630|8|583
20130630|8|363
20130630|11|474
20130630|21|361
20130630|23|576
20130630|5|491
20130630|6|476
20130630|2|482
20130630|25|476
20130630|9|474
20130630|45|491
20130630|10|491
20130630|21|471
20130630|4|465
20130630|2|474
20130630|25|491
20130630|26|471
20130630|10|491
20130630|26|471
20130630|17|491
20130731|1|482
20130731|26|474
20130731|4|491
20130731|19|471
20130731|7|474
20130731|46|474
20130731|28|576
20130731|4|471
20130731|3|472
20130731|4|476
20130731|39|471
20130731|20|474
20130731|28|471
20130731|47|487
20130731|16|483
20130731|24|477
20130731|3|476
20130731|3|476
20130731|11|361
20130731|27|355
20130731|29|353
20130731|31|474
20130731|32|357
20130829|37|491
20130829|2|580
20130829|16|491
20130829|31|583
20130829|19|471
20130829|7|482
20130829|16|605
20130829|29|491
20130829|35|471
20130829|8|471
20130829|14|225
20130829|23|471
20130829|29|491
20130829|5|474
20130829|23|476
20130829|20|474
20130829|4|225
20130829|18|234
20130829|18|359
20130829|31|471
20130829|19|471
20130829|4|491
20130829|25|476
20130829|15|476
20130829|14|583
20130829|1|234
20130829|19|471
20130829|22|463
20130829|2|583
20130829|11|605
20130829|3|482
20130829|18|484
20130829|38|234
20130829|11|474
20130829|10|564
20130829|3|482
20130829|4|471
20130829|13|491
20130829|11|474
20130929|19|471
20130929|11|476
20130929|2|474
20130929|6|476
20130929|14|353
20130929|1|471
20130929|8|225
20130929|12|490
20130929|17|483
20130929|21|234
20130929|34|605
20130929|38|477
20130929|39|491
20130929|25|580
20130929|7|482
20130929|6|474
20130929|29|476
20130929|10|214
20130929|24|477
20130929|27|363
20130929|48|234
20130929|54|225
20130929|56|484
20130929|10|474
20130929|29|476
20130929|16|476
20130929|40|474
20130929|43|474
20130929|15|491
20130929|22|576
20130929|37|222
20130929|18|482
20130929|31|476
20130929|7|482
20130929|32|214
20130929|12|225
20130929|14|491
20130929|19|471
20130929|20|217
20130929|30|484
20130929|50|490
20130929|53|487
20130929|10|482
20130929|20|481
20130929|2|225
20130929|15|471
20130929|16|487
20130929|17|477
20130929|18|483
20130929|30|222
20130929|31|484
20130929|34|491
20130929|24|544
20130929|28|476
20130929|7|359
20130929|8|476
20130929|12|474
20130929|25|361
20130929|33|363
20130929|12|576
20130929|20|573
20130929|1|605
20130929|5|580
20130929|1|568
20130929|16|491
20130929|20|477
20130929|36|586
20130929|39|483
20130929|44|490
20130929|47|572
20130929|2|483
20130929|12|471
20130929|30|217
20130929|41|491
20130929|44|484
20130929|56|214
20130929|6|482
20130929|2|214
20130929|8|474
20130929|9|484
20130929|10|217
20130929|26|471
20130929|27|472
20130929|40|225
20130929|10|487
20130929|21|234
20130929|23|477
20130929|30|217
20130929|32|471
20130929|39|225
20130929|9|484
20130929|16|483
20130929|23|234
20130929|29|471
20130929|30|225
20130929|34|491
20130929|11|477
20130929|28|222
20130929|32|225
20130929|2|222
20130929|5|490
20130929|7|491
20130929|9|483
20130929|19|471
20130929|21|484
20130929|26|465
20130929|7|234
20130929|11|487
20130929|15|484
20130929|26|214
20130929|36|222
20130929|37|217
20130929|39|491
20130929|12|217
20130929|20|222
20130929|23|483
20130929|28|477
20130929|29|214
20130929|31|465
20130929|5|474
20130929|2|222
20130929|9|472
20130929|13|471
20130929|28|490
20130929|31|484
20130929|35|491
20131029|15|471
20131029|10|225
20131029|11|483
20131029|22|491
20131029|25|471
20131029|28|222
20131029|31|217
20131029|3|474
20131029|35|225
20131029|38|474
20131029|27|471
20131029|6|476
20131029|17|474
20131029|1|482
20131029|5|234
20131029|7|225
20131029|17|491
20131029|22|487
20131029|45|217
20131029|47|214
20131029|56|355
20131029|57|471
20131029|5|482
20131029|8|483
20131029|13|471
20131029|19|234
20131029|43|472
20131029|44|487
20131029|46|484
20131029|1|359
20131029|13|361
20131029|19|483
20131029|27|476
20131029|28|225
20131029|29|474
20131029|34|471
20131029|37|222
20131029|9|471
20131029|13|477
20131029|21|474
20131029|44|490
20131029|54|217
20131029|4|477
20131029|21|491
20131029|28|471
20131029|54|487
20131029|7|471
20131029|11|579
20131029|14|234
20131029|15|491
20131029|16|472
20131029|18|222
20131029|21|225
20131029|35|483
20131029|18|474
20131029|4|481
20131029|18|491
20131029|31|477
20131029|32|217
20131029|43|483
20131029|50|222
20131029|10|355
20131029|35|476
20131029|19|484
20131029|30|465
20131029|34|471
20131029|37|477
20131029|10|476
20131029|12|474
20131029|16|471
20131029|5|482
20131029|39|482
20131029|7|474
20131029|8|487
20131029|13|471
20131029|32|477
20131029|14|357
20131029|30|476
20131029|20|217
20131029|21|487
20131029|28|472
20131029|35|225
20131029|3|491
20131029|5|222
20131029|9|484
20131029|15|487
20131029|19|483
20131029|24|477
20131029|20|471
20131029|12|476
20131029|13|474
20131029|23|353
20131029|10|561
20131029|18|564
20131029|26|568
20131029|24|476
20131029|10|491
20131029|12|477
20131029|15|222
20131029|17|234
20131029|29|217
20131029|36|471
20131029|40|484
20131029|13|471
20131029|12|561
20131029|10|476
20131029|15|476
20131029|30|515
20131029|53|474
